dir_base:  /home/joe/Code/BioSNICAR_GO_PY/
rf_ice:  2
incoming_i:  4
DIRECT:  1
layer_type:  [1, 1]
cdom_layer:  [0, 0]
APRX_TYP:  1
DELTA:  1
solzen:  35
TOON:  False
ADD_DOUBLE:  True
R_sfc:  [0.18       0.1717     0.16865    0.16515    0.16075    0.15755
 0.1556     0.1547     0.1538     0.153      0.1522     0.15155
 0.15105    0.1508     0.1505     0.15015    0.14965    0.1492
 0.1483     0.1474     0.1466     0.14555    0.1447     0.14385
 0.1431     0.1423     0.14155    0.14105    0.13985    0.14115
 0.14005    0.1394     0.13885    0.13845    0.1377     0.1376
 0.1361     0.1334     0.1299     0.12565    0.12095    0.11815
 0.11415    0.1078     0.102      0.09795    0.0964     0.0971
 0.0981     0.0961     0.0926     0.0868     0.07855    0.0696
 0.0608     0.0539     0.04985    0.04775    0.0452     0.0417
 0.036      0.02865    0.0225     0.0189     0.01655    0.01575
 0.0154     0.01235    0.0123     0.01275    0.01335    0.01435
 0.0157     0.01715    0.01795    0.018      0.0174     0.01645
 0.0152     0.01325    0.01125    0.0099     0.00915    0.00895
 0.0087     0.0085     0.0083     0.00835    0.0083     0.00825
 0.00825    0.00825    0.00825    0.00835    0.00835    0.0084
 0.00835    0.00835    0.0083     0.008      0.00785    0.0078
 0.00725    0.00835    0.00065    0.00565    0.0103     0.0079
 0.00715    0.00675    0.00705    0.007      0.0068     0.0067
 0.0067     0.0067     0.00675    0.00665    0.00665    0.00665
 0.0067     0.0067     0.00665    0.00675    0.00675    0.0067
 0.00675    0.0068     0.0067     0.00675    0.00685    0.0069
 0.00685    0.00675    0.0068     0.00685    0.0068     0.00675
 0.0068     0.00675    0.00685    0.00674625 0.00672625 0.00670875
 0.0066825  0.00668375 0.00668125 0.00661    0.0067775  0.0069925
 0.00701    0.0070825  0.00690625 0.00668125 0.00666875 0.00667375
 0.006675   0.00668625 0.00669625 0.00670625 0.00671625 0.0067275
 0.00673125 0.006725   0.006745   0.0067675  0.00679375 0.00681125
 0.006825   0.00680625 0.00679375 0.0067975  0.00677125 0.00676875
 0.00675875 0.00676125 0.00674125 0.006705   0.00668    0.00660625
 0.0065725  0.00659125 0.00651    0.00653125 0.00653375 0.00645875
 0.0063     0.00625    0.00615    0.00635    0.00635    0.0062
 0.0059     0.00595    0.00585    0.00615    0.0059     0.006
 0.00595    0.0063     0.00565    0.00565    0.00565    0.00565
 0.00565    0.00565    0.00565    0.00565    0.00565    0.00565
 0.00565    0.00565    0.00565    0.00565    0.00565    0.00565
 0.00565    0.00565    0.00565    0.00565    0.00565    0.00565
 0.00565    0.00565    0.00565    0.00565    0.00565    0.00565
 0.00565    0.00565    0.00565    0.00565    0.00565    0.00565
 0.00565    0.00565    0.00565    0.00565    0.00565    0.00565
 0.00565    0.00565    0.00565    0.00565    0.00565    0.00565
 0.00565    0.00565    0.00565    0.00565    0.00565    0.00565
 0.00565    0.00565    0.00565    0.00565    0.00565    0.00565
 0.00565    0.00565    0.00565    0.00565    0.00565    0.00565
 0.00565    0.00565    0.00565    0.00565    0.00565    0.00565
 0.00565    0.00565    0.00565    0.00565    0.00565    0.00565
 0.00565    0.00565    0.00565    0.00565    0.00565    0.00565
 0.00565    0.00565    0.00565    0.00565    0.00565    0.00565
 0.00565    0.00565    0.00565    0.00565    0.00565    0.00565
 0.00565    0.00565    0.00565    0.00565    0.00565    0.00565
 0.00565    0.00565    0.00565    0.00565    0.00565    0.00565
 0.00565    0.00565    0.00565    0.00565    0.00565    0.00565
 0.00565    0.00565    0.00565    0.00565    0.00565    0.00565
 0.00565    0.00565    0.00565    0.00565    0.00565    0.00565
 0.00565    0.00565    0.00565    0.00565    0.00565    0.00565
 0.00565    0.00565    0.00565    0.00565    0.00565    0.00565
 0.00565    0.00565    0.00565    0.00565    0.00565    0.00565
 0.00565    0.00565    0.00565    0.00565    0.00565    0.00565
 0.00565    0.00565    0.00565    0.00565    0.00565    0.00565
 0.00565    0.00565    0.00565    0.00565    0.00565    0.00565
 0.00565    0.00565    0.00565    0.00565    0.00565    0.00565
 0.00565    0.00565    0.00565    0.00565    0.00565    0.00565
 0.00565    0.00565    0.00565    0.00565    0.00565    0.00565
 0.00565    0.00565    0.00565    0.00565    0.00565    0.00565
 0.00565    0.00565    0.00565    0.00565    0.00565    0.00565
 0.00565    0.00565    0.00565    0.00565    0.00565    0.00565
 0.00565    0.00565    0.00565    0.00565    0.00565    0.00565
 0.00565    0.00565    0.00565    0.00565    0.00565    0.00565
 0.00565    0.00565    0.00565    0.00565    0.00565    0.00565
 0.00565    0.00565    0.00565    0.00565    0.00565    0.00565
 0.00565    0.00565    0.00565    0.00565    0.00565    0.00565
 0.00565    0.00565    0.00565    0.00565    0.00565    0.00565
 0.00565    0.00565    0.00565    0.00565    0.00565    0.00565
 0.00565    0.00565    0.00565    0.00565    0.00565    0.00565
 0.00565    0.00565    0.00565    0.00565    0.00565    0.00565
 0.00565    0.00565    0.00565    0.00565    0.00565    0.00565
 0.00565    0.00565    0.00565    0.00565    0.00565    0.00565
 0.00565    0.00565    0.00565    0.00565    0.00565    0.00565
 0.00565    0.00565    0.00565    0.00565    0.00565    0.00565
 0.00565    0.00565    0.00565    0.00565    0.00565    0.00565   ]
dz:  [0.001, 0.8]
rho_layers:  [916, 916]
grain_rds:  [250, 250]
side_length:  [800, 800]
depth:  [10000, 10000]
rwater:  [0, 0]
nbr_lyr:  2
nbr_aer:  30
grain_shp:  [0, 0]
shp_fctr:  [0, 0]
grain_ar:  [0, 0]
GA_units:  0
Cfactor_GA:  10
Cfactor_SA:  10
mss_cnc_soot1:  [0, 0]
mss_cnc_soot2:  [0, 0]
mss_cnc_brwnC1:  [0, 0]
mss_cnc_brwnC2:  [0, 0]
mss_cnc_dust1:  [0, 0]
mss_cnc_dust2:  [0, 0]
mss_cnc_dust3:  [0, 0]
mss_cnc_dust4:  [0, 0]
mss_cnc_dust5:  [0, 0]
mss_cnc_ash1:  [0, 0]
mss_cnc_ash2:  [0, 0]
mss_cnc_ash3:  [0, 0]
mss_cnc_ash4:  [0, 0]
mss_cnc_ash5:  [0, 0]
mss_cnc_ash_st_helens:  [0, 0]
mss_cnc_Skiles_dust1:  [0, 0]
mss_cnc_Skiles_dust2:  [0, 0]
mss_cnc_Skiles_dust3:  [0, 0]
mss_cnc_Skiles_dust4:  [0, 0]
mss_cnc_Skiles_dust5:  [0, 0]
mss_cnc_GreenlandCentral1:  [0, 0]
mss_cnc_GreenlandCentral2:  [0, 0]
mss_cnc_GreenlandCentral3:  [0, 0]
mss_cnc_GreenlandCentral4:  [0, 0]
mss_cnc_GreenlandCentral5:  [0, 0]
mss_cnc_Cook_Greenland_dust_L:  [0, 0]
mss_cnc_Cook_Greenland_dust_C:  [0, 0]
mss_cnc_Cook_Greenland_dust_H:  [0, 0]
mss_cnc_snw_alg:  [0, 0]
mss_cnc_glacier_algae:  [40000, 0]
FILE_soot1:  mie_sot_ChC90_dns_1317.nc
FILE_soot2:  miecot_slfsot_ChC90_dns_1317.nc
FILE_brwnC1:  brC_Kirch_BCsd.nc
FILE_brwnC2:  brC_Kirch_BCsd_slfcot.nc
FILE_dust1:  dust_balkanski_central_size1.nc
FILE_dust2:  dust_balkanski_central_size2.nc
FILE_dust3:  dust_balkanski_central_size3.nc
FILE_dust4:  dust_balkanski_central_size4.nc
FILE_dust5:  dust_balkanski_central_size5.nc
FILE_ash1:  volc_ash_eyja_central_size1.nc
FILE_ash2:  volc_ash_eyja_central_size2.nc
FILE_ash3:  volc_ash_eyja_central_size3.nc
FILE_ash4:  volc_ash_eyja_central_size4.nc
FILE_ash5:  volc_ash_eyja_central_size5.nc
FILE_ash_st_helens:  volc_ash_mtsthelens_20081011.nc
FILE_Skiles_dust1:  dust_skiles_size1.nc
FILE_Skiles_dust2:  dust_skiles_size2.nc
FILE_Skiles_dust3:  dust_skiles_size3.nc
FILE_Skiles_dust4:  dust_skiles_size4.nc
FILE_Skiles_dust5:  dust_skiles_size5.nc
FILE_GreenlandCentral1:  dust_greenland_central_size1.nc
FILE_GreenlandCentral2:  dust_greenland_central_size2.nc
FILE_GreenlandCentral3:  dust_greenland_central_size3.nc
FILE_GreenlandCentral4:  dust_greenland_central_size4.nc
FILE_GreenlandCentral5:  dust_greenland_central_size5.nc
FILE_Cook_Greenland_dust_L:  dust_greenland_Cook_LOW_20190911.nc
FILE_Cook_Greenland_dust_C:  dust_greenland_Cook_CENTRAL_20190911.nc
FILE_Cook_Greenland_dust_H:  dust_greenland_Cook_HIGH_20190911.nc
FILE_snw_alg:  snw_alg_r025um_chla020_chlb025_cara150_carb140.nc
FILE_glacier_algae:  Cook2020_glacier_algae_4_40.nc
