2.82969e-05
0.000858805
0.0034267
0.00605615
0.00659122
0.00796807
0.00799384
0.00896795
0.00852078
0.00824151
0.0118023
0.0140615
0.0144072
0.0133955
0.0152831
0.0170828
0.0171189
0.0170982
0.016998
0.0164419
0.0162867
0.0160877
0.0153113
0.0157614
0.0154347
0.0223862
0.0148027
0.0146828
0.014531
0.013912
0.0140968
0.0137737
0.013753
0.0136468
0.0133983
0.0127767
0.0132745
0.0130423
0.0118403
0.0115887
0.0118521
0.0111799
0.0100448
0.0108687
0.0112333
0.011047
0.00637721
0.0105864
0.0104446
0.0100012
0.00981955
0.00876682
0.00846985
0.0088328
0.00911936
0.00858153
0.0086171
0.00871723
0.00846472
0.00769151
0.00667837
0.00636754
0.00680718
0.00306373
0.00381964
0.00379339
0.00498879
0.00599608
0.00645244
0.00670693
0.00653151
0.00643287
0.00627492
0.00613742
0.00600074
0.00587367
0.00572985
0.00557236
0.00536071
0.00506169
0.00445699
0.00295215
0.00144956
0.00181439
0.00234627
0.00242634
0.00356758
0.00400892
0.00390467
0.00409205
0.00394413
0.00405632
0.00412381
0.00420344
0.00415194
0.00405549
0.00360011
0.00361571
0.00375975
0.0036674
0.00332396
0.00302876
0.0027405
0.00195935
0.00145881
0.000160084
1.60141e-05
7.34227e-05
3.07812e-05
0.000190811
9.11794e-05
0.00017867
0.000346847
0.000470462
0.000624026
0.00111508
0.00115041
0.000983934
0.00122074
0.00179655
0.00216547
0.00231992
0.00243067
0.00244067
0.0024369
0.00241632
0.00239065
0.0021528
0.00222287
0.00223149
0.00208226
0.00205684
0.00214002
0.00212538
0.00201005
0.00200611
0.00198855
0.00195472
0.00188073
0.00185971
0.00181246
0.00173716
0.00168174
0.00161232
0.00148654
0.00145347
0.00134207
0.00130753
0.000949827
0.00083681
0.000425806
0.000218014
7.05322e-05
5.16881e-05
8.86878e-06
1.24481e-05
1.56905e-05
8.34818e-07
5.97641e-05
0.000137389
6.90737e-05
2.02873e-05
5.4209e-05
7.87524e-05
0.000139536
0.000239596
0.000237614
0.000498715
0.000741347
0.000783049
0.000318488
0.000258199
0.000411564
0.000783009
0.000812841
0.000580548
0.000541211
0.000579037
0.000751873
0.000786522
0.000800856
0.00082007
0.000805654
0.000802096
0.000807932
0.000768573
0.00074484
0.000732532
0.000716689
0.000714986
0.000700205
0.000703065
0.000703232
0.000696997
0.000684975
0.000672522
0.000660651
0.00065264
0.000640758
0.000633666
0.000618014
0.000609542
0.000567842
0.000571907
0.000539879
0.000484832
0.000510095
0.000473339
0.000387005
0.000391324
0.000440235
0.000339451
0.000271466
0.000403568
0.000300066
0.000209562
0.000250839
0.000233104
0.000195277
0.000106439
9.51006e-05
8.53887e-05
3.13568e-05
1.6271e-05
1.69042e-06
8.45941e-07
9.69505e-07
0
0
0
0
0
0
3.78526e-08
4.08363e-07
2.6904e-07
0
0
0
0
0
0
0
5.96046e-08
0
0
0
0
0
0
0
2.32106e-08
3.6394e-08
1.37468e-06
6.43541e-07
2.99137e-06
7.0813e-06
7.25947e-06
2.68797e-05
2.83798e-05
6.81548e-05
2.52016e-05
3.79941e-05
6.69885e-05
7.69703e-05
3.54448e-05
7.86486e-05
8.23777e-05
3.49744e-05
9.80724e-05
8.91633e-05
6.12729e-05
6.10242e-05
6.07983e-05
3.75474e-05
4.72737e-05
3.38041e-05
7.26878e-05
5.89132e-05
4.94853e-05
5.24259e-05
4.21976e-05
6.17054e-05
6.88155e-05
6.85629e-05
7.32887e-05
8.91625e-05
0.000125006
0.00014193
0.000111504
5.23928e-05
1.76947e-05
2.02925e-05
3.16349e-05
4.59004e-05
6.80689e-05
5.88245e-05
4.73908e-05
5.94885e-05
7.87854e-05
2.71251e-05
7.29117e-05
4.45574e-05
6.2933e-05
8.0256e-05
7.731e-05
7.42139e-05
8.55403e-05
9.53392e-05
0.000106801
0.00012698
0.000102575
0.00011638
0.000135696
0.000129858
0.000126636
0.000120776
0.000129046
0.000126563
0.00012323
0.000123707
0.000122058
0.000117769
0.000114796
0.00011146
0.0001077
0.000103267
0.000103115
0.00010408
0.000103163
9.90963e-05
0.000102493
0.000101348
9.99735e-05
9.89019e-05
0.000108567
0.000102994
9.19222e-05
7.60092e-05
8.78361e-05
9.38498e-05
9.64512e-05
9.3761e-05
9.34159e-05
9.02418e-05
8.67564e-05
8.76852e-05
8.67814e-05
8.62874e-05
8.63288e-05
8.46178e-05
8.32942e-05
8.15608e-05
8.75839e-05
8.61421e-05
8.22436e-05
8.48615e-05
8.5271e-05
8.54448e-05
8.46417e-05
8.43446e-05
8.40065e-05
8.41373e-05
8.36542e-05
8.24658e-05
8.16455e-05
8.11639e-05
8.02282e-05
7.93841e-05
7.88063e-05
7.73609e-05
7.70457e-05
7.65599e-05
7.55739e-05
7.51592e-05
7.43892e-05
7.34139e-05
7.24226e-05
7.2258e-05
7.19495e-05
7.05403e-05
7.01634e-05
6.97508e-05
6.90893e-05
6.88102e-05
6.74683e-05
6.7202e-05
6.66694e-05
6.19803e-05
5.87213e-05
1.00942e-05
2.53079e-07
0
0
0
0
0
0
0
0
0
0
0
0
0
0
0
0
0
0
0
0
0
0
5.00671e-08
9.01231e-08
7.36181e-07
1.22071e-06
4.9956e-06
7.84915e-06
1.85619e-05
2.73426e-05
3.28771e-05
3.81662e-05
3.84008e-05
3.86824e-05
4.0253e-05
4.28265e-05
4.14405e-05
3.79527e-05
3.8303e-05
4.00075e-05
3.98297e-05
3.52094e-05
3.52094e-05
3.58904e-05
3.598e-05
3.37551e-05
3.28475e-05
2.91445e-05
2.56772e-05
2.68681e-05
2.96218e-05
2.93054e-05
2.48527e-05
2.48527e-05
2.80292e-05
2.87766e-05
2.24381e-05
1.68423e-05
1.79718e-05
2.17367e-05
2.17367e-05
9.26673e-06
8.0063e-06
7.79257e-06
7.62676e-06
9.9419e-06
1.94927e-05
1.94927e-05
1.21962e-05
1.04164e-05
1.56366e-05
2.38304e-05
2.38304e-05
1.84319e-05
1.81507e-05
1.24669e-05
6.49346e-06
6.49338e-06
