3.4957e-05
0.00109592
0.00441245
0.00778083
0.00834718
0.00997235
0.00990748
0.0110214
0.0103888
0.00996195
0.0141669
0.016773
0.0170611
0.0158305
0.0178902
0.019893
0.0198891
0.0198548
0.019691
0.01891
0.0186637
0.0183902
0.0174363
0.0179194
0.0174511
0.0252393
0.0166355
0.0164444
0.0161925
0.0151324
0.0157517
0.0153559
0.0152285
0.0151148
0.0147375
0.0139858
0.0147292
0.0144745
0.0128062
0.0120862
0.0126142
0.0116586
0.0096494
0.0112477
0.0122658
0.0121194
0.00594177
0.0114952
0.0113193
0.0106578
0.0104845
0.00856052
0.00824796
0.00900158
0.00978752
0.00926786
0.00932005
0.00941106
0.00909499
0.00761387
0.00600783
0.00555865
0.00639403
0.00212419
0.00277511
0.00271917
0.00396211
0.00539072
0.00629918
0.00700929
0.00683215
0.00674765
0.0065862
0.00647029
0.00633027
0.00619479
0.00603053
0.00580094
0.00544985
0.00494908
0.00369716
0.0020814
0.000857416
0.00116338
0.00155467
0.00159169
0.00274877
0.00336406
0.00328047
0.00360161
0.00343493
0.0036503
0.00385077
0.00408631
0.00409275
0.00397635
0.00336763
0.00339243
0.00365317
0.00346308
0.00190628
0.00140456
0.00122459
0.000794648
0.000570953
6.35092e-05
8.08436e-06
3.11111e-05
1.41574e-05
7.30022e-05
3.74044e-05
7.05827e-05
0.000131635
0.000176919
0.000238437
0.000440818
0.000445407
0.00037984
0.000476458
0.000763752
0.0012191
0.00140797
0.00155605
0.00160333
0.00162224
0.00162195
0.0016037
0.00139597
0.00146226
0.00149621
0.00135625
0.00134707
0.00143641
0.00142776
0.00134158
0.00133746
0.00132832
0.00130846
0.00125805
0.00122786
0.00113043
0.00102847
0.000983206
0.000933274
0.000824204
0.000810161
0.000730453
0.000689029
0.000440567
0.000377196
0.000176375
8.68416e-05
2.93691e-05
2.12577e-05
4.43068e-06
6.0254e-06
7.38951e-06
5.97378e-07
2.47033e-05
5.76491e-05
2.37351e-05
2.12595e-06
4.86478e-06
6.82209e-06
1.14172e-05
1.829e-05
1.80216e-05
3.66126e-05
5.47503e-05
5.8077e-05
2.34577e-05
1.90311e-05
3.02674e-05
5.87687e-05
6.14691e-05
4.32655e-05
4.01808e-05
4.30733e-05
5.69088e-05
5.9866e-05
0.000175168
0.000311849
0.000305852
0.000305913
0.000312446
0.000290234
0.000280193
0.00027924
0.000267207
0.000268511
0.000261677
0.000267454
0.000269877
0.000269282
0.000265282
0.000260823
0.000256282
0.000253318
0.00024866
0.000245872
0.000141133
7.01151e-05
6.44148e-05
6.53732e-05
6.08347e-05
5.36258e-05
5.71348e-05
5.22726e-05
4.15561e-05
4.22125e-05
4.84033e-05
3.61086e-05
2.86495e-05
4.47139e-05
3.28034e-05
2.2219e-05
2.64285e-05
2.48493e-05
2.04872e-05
1.14473e-05
7.69378e-06
1.72639e-06
7.37941e-07
4.09643e-07
9.2038e-08
3.16851e-08
3.72887e-08
0
0
0
0
0
0
0
0
0
0
0
0
0
0
0
0
0
0
0
0
0
0
0
0
0
0
0
0
0
0
0
0
0
0
0
0
0
0
0
0
0
0
0
0
0
0
0
0
0
0
0
0
0
0
0
0
0
0
0
0
0
0
0
0
0
0
0
0
0
0
0
0
0
0
0
0
0
0
0
0
0
0
0
0
0
0
1.79765e-08
5.02406e-08
4.9955e-08
4.96171e-08
4.93431e-08
7.6859e-08
9.76112e-08
9.70843e-08
9.64882e-08
9.58874e-08
9.53762e-08
7.64499e-08
9.5255e-08
4.22072e-07
4.19495e-07
4.17342e-07
4.1522e-07
4.13093e-07
4.10152e-07
4.08105e-07
4.06086e-07
4.05724e-07
4.45861e-07
9.39029e-07
1.03923e-06
8.34784e-07
1.00248e-06
1.05295e-06
1.08025e-06
1.07425e-06
1.06734e-06
1.02291e-06
9.88374e-07
1.21843e-06
1.21257e-06
1.20735e-06
1.20016e-06
1.19312e-06
1.17509e-06
1.14128e-06
1.2379e-06
1.2193e-06
1.16401e-06
1.01261e-06
9.92617e-07
9.8803e-07
9.81178e-07
9.77514e-07
9.72748e-07
9.66347e-07
9.62886e-07
9.57569e-07
9.51978e-07
8.89492e-07
6.03219e-07
6.00379e-07
5.98434e-07
5.93657e-07
5.91793e-07
5.88922e-07
5.85252e-07
5.83513e-07
5.79468e-07
4.70249e-07
3.59239e-07
3.56796e-07
3.55842e-07
3.53408e-07
3.3529e-07
3.15456e-07
3.13441e-07
3.12702e-07
3.10279e-07
2.75232e-07
2.05137e-07
1.84123e-07
1.69519e-07
2.84943e-08
0
0
0
0
0
0
0
0
0
0
0
0
0
0
0
0
0
0
0
0
0
0
0
0
0
0
0
0
0
0
0
1.48183e-08
2.89796e-08
2.88604e-08
2.87174e-08
2.86184e-08
2.84562e-08
2.03636e-08
0
4.7633e-09
2.79382e-08
2.69032e-08
0
0
0
0
0
0
0
0
0
0
0
0
0
0
0
0
0
0
0
0
0
0
0
0
0
0
0
0
0
9.51155e-09
2.44414e-08
2.44414e-08
1.21026e-09
0
0
0
0
